{
  "Delta": 1.0,
  "T_slots": 110,
  "K": 18,
  "topology_type": "clustered",
  "connection_matrix": [
    [
      0.0,
      9.798800609449902,
      11.958295388571091,
      11.470404384171584,
      9.980195439399376,
      8.8140500666217,
      0.0,
      0.0,
      0.0,
      0.0,
      0.0,
      0.0,
      0.0,
      0.0,
      0.0,
      0.0,
      0.0,
      0.0,
      98.91279981562592
    ],
    [
      9.798800609449902,
      0.0,
      8.375143239602235,
      11.535600106180024,
      10.702584376249934,
      9.136893120492791,
      0.0,
      0.0,
      0.0,
      0.0,
      0.0,
      0.0,
      0.0,
      0.0,
      0.0,
      0.0,
      0.0,
      0.0,
      104.60920207554165
    ],
    [
      11.958295388571091,
      8.375143239602235,
      0.0,
      8.814631907625701,
      9.637714071509851,
      9.170700424264968,
      0.0,
      0.0,
      0.0,
      0.0,
      0.0,
      0.0,
      0.0,
      0.0,
      0.0,
      0.0,
      0.0,
      0.0,
      92.05534806322484
    ],
    [
      11.470404384171584,
      11.535600106180024,
      8.814631907625701,
      0.0,
      10.37705391001423,
      11.920252079923896,
      0.0,
      0.0,
      0.0,
      0.0,
      0.0,
      0.0,
      0.0,
      0.0,
      0.0,
      0.0,
      0.0,
      0.0,
      84.85166371762908
    ],
    [
      9.980195439399376,
      10.702584376249934,
      9.637714071509851,
      10.37705391001423,
      0.0,
      8.10538323609413,
      0.0,
      0.0,
      0.0,
      0.0,
      0.0,
      0.0,
      0.0,
      0.0,
      0.0,
      0.0,
      0.0,
      0.0,
      99.0763009651688
    ],
    [
      8.8140500666217,
      9.136893120492791,
      9.170700424264968,
      11.920252079923896,
      8.10538323609413,
      0.0,
      0.0,
      0.0,
      0.0,
      0.0,
      0.0,
      0.0,
      0.0,
      0.0,
      0.0,
      0.0,
      0.0,
      0.0,
      115.0792791055983
    ],
    [
      0.0,
      0.0,
      0.0,
      0.0,
      0.0,
      0.0,
      0.0,
      9.844690223161573,
      9.56656783853566,
      11.01158338193066,
      10.132206014485726,
      11.731761213672993,
      0.0,
      0.0,
      0.0,
      0.0,
      0.0,
      0.0,
      115.87637059619392
    ],
    [
      0.0,
      0.0,
      0.0,
      0.0,
      0.0,
      0.0,
      9.844690223161573,
      0.0,
      8.17265481777462,
      11.317250164676846,
      9.944330066939582,
      11.698994881774604,
      0.0,
      0.0,
      0.0,
      0.0,
      0.0,
      0.0,
      85.49730491373893
    ],
    [
      0.0,
      0.0,
      0.0,
      0.0,
      0.0,
      0.0,
      9.56656783853566,
      8.17265481777462,
      0.0,
      11.919271797879857,
      9.162931925532463,
      11.22074688068535,
      0.0,
      0.0,
      0.0,
      0.0,
      0.0,
      0.0,
      104.13111014716404
    ],
    [
      0.0,
      0.0,
      0.0,
      0.0,
      0.0,
      0.0,
      11.01158338193066,
      11.317250164676846,
      11.919271797879857,
      0.0,
      11.8680001020066,
      11.393785145055949,
      0.0,
      0.0,
      0.0,
      0.0,
      0.0,
      0.0,
      87.20532264682294
    ],
    [
      0.0,
      0.0,
      0.0,
      0.0,
      0.0,
      0.0,
      10.132206014485726,
      9.944330066939582,
      9.162931925532463,
      11.8680001020066,
      0.0,
      9.548734790752288,
      0.0,
      0.0,
      0.0,
      0.0,
      0.0,
      0.0,
      98.89380625765318
    ],
    [
      0.0,
      0.0,
      0.0,
      0.0,
      0.0,
      0.0,
      11.731761213672993,
      11.698994881774604,
      11.22074688068535,
      11.393785145055949,
      9.548734790752288,
      0.0,
      0.0,
      0.0,
      0.0,
      0.0,
      0.0,
      0.0,
      100.16242880696842
    ],
    [
      0.0,
      0.0,
      0.0,
      0.0,
      0.0,
      0.0,
      0.0,
      0.0,
      0.0,
      0.0,
      0.0,
      0.0,
      0.0,
      8.573089728358958,
      10.155633210306574,
      11.202595781660758,
      10.69123291440641,
      11.439129446848144,
      94.68338717140212
    ],
    [
      0.0,
      0.0,
      0.0,
      0.0,
      0.0,
      0.0,
      0.0,
      0.0,
      0.0,
      0.0,
      0.0,
      0.0,
      8.573089728358958,
      0.0,
      10.795539716597093,
      9.382485758460357,
      8.156515169162681,
      10.108953651086749,
      86.2148806997884
    ],
    [
      0.0,
      0.0,
      0.0,
      0.0,
      0.0,
      0.0,
      0.0,
      0.0,
      0.0,
      0.0,
      0.0,
      0.0,
      10.155633210306574,
      10.795539716597093,
      0.0,
      8.183423253938845,
      9.055460579237527,
      8.857865582666564,
      100.51802149006446
    ],
    [
      0.0,
      0.0,
      0.0,
      0.0,
      0.0,
      0.0,
      0.0,
      0.0,
      0.0,
      0.0,
      0.0,
      0.0,
      11.202595781660758,
      9.382485758460357,
      8.183423253938845,
      0.0,
      10.922031113226154,
      8.777507498932518,
      85.56329833615376
    ],
    [
      0.0,
      0.0,
      0.0,
      0.0,
      0.0,
      0.0,
      0.0,
      0.0,
      0.0,
      0.0,
      0.0,
      0.0,
      10.69123291440641,
      8.156515169162681,
      9.055460579237527,
      10.922031113226154,
      0.0,
      11.48804541896262,
      109.44902761831553
    ],
    [
      0.0,
      0.0,
      0.0,
      0.0,
      0.0,
      0.0,
      0.0,
      0.0,
      0.0,
      0.0,
      0.0,
      0.0,
      11.439129446848144,
      10.108953651086749,
      8.857865582666564,
      8.777507498932518,
      11.48804541896262,
      0.0,
      119.21419244342576
    ]
  ],
  "private_cpu": [
    1417026512.123894,
    1465835517.1380253,
    1400296152.8672054,
    1219863115.6758468,
    1270376631.237273,
    1348019534.1092064,
    1786161289.9722981,
    1380932007.7716885,
    1739680378.9314957,
    1606151704.3138125,
    1722792016.067419,
    1452119690.3718696,
    1575323717.1732426,
    1675176049.772993,
    1465269239.5654364,
    1565743740.4168038,
    1715259832.5839007,
    1225832428.456285
  ],
  "public_cpu": [
    768946447.3896191,
    753418540.8443304,
    702715947.6715652,
    545197668.8935852,
    670994513.1813464,
    680525151.7601619,
    811159071.5491732,
    782943570.2288362,
    501997671.50295806,
    685198791.9005744,
    822519853.1111488,
    716138690.9607652,
    822355072.296565,
    556428866.3646028,
    805978940.2755054,
    790274917.5537901,
    602437544.1146357,
    709495765.381235
  ],
  "cloud_cpu": 30000000000.0,
  "N_agents": 18,
  "agent_to_mec": [
    0,
    1,
    2,
    3,
    4,
    5,
    6,
    7,
    8,
    9,
    10,
    11,
    12,
    13,
    14,
    15,
    16,
    17
  ],
  "queues_initial": {
    "mec_local_cycles": [
      0.0,
      0.0,
      0.0,
      0.0,
      0.0,
      0.0,
      0.0,
      0.0,
      0.0,
      0.0,
      0.0,
      0.0,
      0.0,
      0.0,
      0.0,
      0.0,
      0.0,
      0.0
    ],
    "mec_public_cycles": [
      0.0,
      0.0,
      0.0,
      0.0,
      0.0,
      0.0,
      0.0,
      0.0,
      0.0,
      0.0,
      0.0,
      0.0,
      0.0,
      0.0,
      0.0,
      0.0,
      0.0,
      0.0
    ],
    "mec_bytes_in_transit": [
      0.0,
      0.0,
      0.0,
      0.0,
      0.0,
      0.0,
      0.0,
      0.0,
      0.0,
      0.0,
      0.0,
      0.0,
      0.0,
      0.0,
      0.0,
      0.0,
      0.0,
      0.0
    ],
    "cloud_cycles": [
      0.0
    ]
  },
  "action_space": {
    "type": "discrete",
    "n": 3,
    "labels": {
      "0": "LOCAL",
      "1": "MEC",
      "2": "CLOUD"
    }
  },
  "state_spec": {
    "components": {
      "queues": {
        "mec_local_cycles": {
          "shape": [
            18
          ],
          "dtype": "float"
        },
        "mec_public_cycles": {
          "shape": [
            18
          ],
          "dtype": "float"
        },
        "mec_bytes_in_transit": {
          "shape": [
            18
          ],
          "dtype": "float"
        },
        "cloud_cycles": {
          "shape": [
            1
          ],
          "dtype": "float"
        }
      },
      "links": {
        "connection_matrix": {
          "shape": [
            18,
            19
          ],
          "dtype": "float"
        }
      },
      "capacities": {
        "private_cpu": {
          "shape": [
            18
          ],
          "dtype": "float"
        },
        "public_cpu": {
          "shape": [
            18
          ],
          "dtype": "float"
        },
        "cloud_cpu": {
          "shape": [
            1
          ],
          "dtype": "float"
        }
      }
    },
    "note": "Declarative state description; environment assembles numerical tensors at runtime."
  },
  "checks": {
    "delta_match": true,
    "message": "OK"
  },
  "clustering": {
    "features": {
      "X": [
        [
          0.9608898141402823,
          0.3283310003001141,
          1.4333777129871752,
          1.0773227446754474,
          -0.354506920305011,
          0.0,
          -0.2778328294630946,
          -0.5467859589906847,
          1.5735523368389286,
          -0.13063681835275986,
          -0.8763646392586099,
          -0.006930459744316346,
          0.05649449491786287,
          -0.354506920305011
        ],
        [
          -0.2906171159655166,
          -0.5876387583544401,
          -1.4060815384926622,
          -1.4787058885239381,
          -0.48818406782172125,
          0.0,
          1.1183832129352553,
          -1.1595563314194073,
          -0.1588067257594982,
          1.1598559298397573,
          -1.9178607624855675,
          2.256343603855013,
          -0.4958408495714554,
          -0.48818406782172125
        ],
        [
          0.9141739939497562,
          0.40917362014256065,
          -0.6316835608163426,
          -0.5226299212920119,
          -2.3211034174258423,
          0.0,
          1.8903295825304967,
          0.07241207468729026,
          0.1662629817910225,
          -1.4566906427742643,
          0.45675901950616554,
          -0.16550383424065512,
          0.8034025175795544,
          -2.3211034174258423
        ],
        [
          0.3250341118793409,
          -1.4071417118708323,
          -0.5136800594561421,
          -0.9506007990199327,
          -0.4113197079996132,
          0.0,
          -0.4426638900240111,
          1.1893967628906954,
          0.3241539826012754,
          2.1826075816363577,
          -1.363208979937439,
          -1.6559544903860397,
          -0.17824802649009702,
          -0.4113197079996132
        ],
        [
          -1.003313380699331,
          -0.9109931545680503,
          -0.07044739581050864,
          -0.014953147762104713,
          -1.0646667664875336,
          0.0,
          1.6716114444785124,
          -0.765326441465264,
          -0.6231920222602422,
          0.05523316500220133,
          0.17442415695448651,
          1.477685224396936,
          -0.8956080394640731,
          -1.0646667664875336
        ],
        [
          1.0257489434833504,
          1.634054744201399,
          -0.5136800594561421,
          -0.06586944907439836,
          1.2687155852550396,
          0.0,
          -1.5258394308528898,
          0.15219669527324753,
          0.6173801269631732,
          -0.6098530983909909,
          -0.4724250761025584,
          -1.1312163605984205,
          0.4528130375546784,
          1.2687155852550396
        ],
        [
          -1.1246058133521166,
          0.8679498925382899,
          0.6663549541458685,
          0.7376284810429733,
          -0.7207998935991541,
          0.0,
          0.255699287615661,
          -0.43464018508925595,
          1.0803687759556442,
          -0.7948978043274878,
          2.108460970360252,
          0.5825278058049205,
          0.4159088817625862,
          -0.7207998935991541
        ],
        [
          -1.3535344233285593,
          0.04171134611953703,
          -0.18917043071558906,
          -0.5281167274167282,
          0.02424499765900043,
          0.0,
          -0.9481458090774879,
          1.4314101120014338,
          0.3241539826012754,
          1.9471761948285957,
          -0.13548398101863104,
          0.12272944727317095,
          -0.014639602478489016,
          0.02424499765900043
        ],
        [
          -0.5206473107680508,
          -1.0947560950904993,
          0.6401319538436014,
          0.1145711633251157,
          1.3590400633870106,
          0.0,
          -0.5649579026982392,
          -0.6842549721601782,
          -0.4703942795406428,
          -0.5070846152487462,
          1.0031165651300962,
          -0.3780355340758652,
          -0.3840779792788949,
          1.3590400633870106
        ],
        [
          -0.5849000868486489,
          -0.1351100388720558,
          -0.6098310605644542,
          1.338757332573501,
          0.16035896817731746,
          0.0,
          0.03122540908862357,
          -0.3988158406485216,
          0.06758110628461421,
          -0.010161788559547892,
          0.09723532564173733,
          -0.9438196908302633,
          0.34325382504690516,
          0.16035896817731746
        ],
        [
          -2.043183744904558,
          1.174924441795979,
          1.8969628969022505,
          1.3730615947976916,
          1.4384161199272267,
          0.0,
          -0.09801712703300389,
          -1.0264397452011251,
          -1.1153198169934984,
          -0.5733047423812903,
          -0.05177173336744619,
          1.1269847971147477,
          0.5165565793773833,
          1.4384161199272267
        ],
        [
          -0.6111978686434962,
          0.4831282041441509,
          -1.0328954654410258,
          -1.2378899677101116,
          0.8020391149065251,
          0.0,
          -0.1718700048167911,
          -0.8850033723442005,
          -0.11568523394157214,
          -1.6005320209780622,
          0.6017402560005342,
          1.1251686121426214,
          -0.24836592249507272,
          0.8020391149065251
        ],
        [
          1.3096169868763614,
          -0.8387888737486727,
          -0.4595951213327169,
          -0.4821945457207281,
          -1.1773128110544164,
          0.0,
          1.256801182655782,
          1.31457608139625,
          -1.657650303430865,
          0.22149567014145705,
          1.979547437097634,
          -0.3698166292108311,
          1.5650279397025597,
          -1.1773128110544164
        ],
        [
          1.8379171577016065,
          -1.4768831080073892,
          -0.857278489887316,
          -1.140379740274848,
          -0.31080477592454814,
          0.0,
          0.7238328462532432,
          0.3516582467381413,
          -1.149495358294419,
          0.8236864894966217,
          -0.7486390043226987,
          0.20061949279871488,
          -1.650723842594575,
          -0.31080477592454814
        ],
        [
          0.39721505988322436,
          0.9672142673584514,
          -0.0416660540153379,
          -0.12483647725003345,
          0.33536264455801057,
          0.0,
          -0.4426638900240111,
          -1.4036034061529243,
          1.5948006081695014,
          -0.9708829435458015,
          -0.5641659125289306,
          -1.4241818335060132,
          1.5045814776293063,
          0.33536264455801057
        ],
        [
          0.4213035308681007,
          1.3698282624965927,
          2.3184039731886834,
          2.21589598006671,
          1.0405626441957658,
          0.0,
          -0.31629341026064167,
          0.7053700646692196,
          -1.7284290279320127,
          0.36032795607400725,
          0.4709711954782242,
          -0.06986729009881659,
          0.31257724554472865,
          1.0405626441957658
        ],
        [
          -0.1819356144361353,
          0.6544288930056082,
          -0.857278489887316,
          -0.8331185972906991,
          -0.6458545495080974,
          0.0,
          -0.15103970595469735,
          -0.20683409736356134,
          1.4820213218764628,
          -0.07449614588689782,
          -0.5799674663887479,
          -0.7359164473612214,
          0.6146235667969289,
          -0.6458545495080974
        ],
        [
          0.5220357601643801,
          -1.4794329315907309,
          0.22805623480797885,
          0.5220579648540938,
          1.0658127720600334,
          0.0,
          -2.008558965352716,
          2.2942403131788467,
          -0.21130245492914784,
          -0.021842366573138264,
          -0.18236737075851545,
          -0.010816413333691453,
          -2.717735303539848,
          1.0658127720600334
        ]
      ],
      "feature_cols": [
        "f_local_slot",
        "m_local",
        "lambda_mean",
        "lambda_var",
        "P_deadline_hard",
        "P_latency_sensitive",
        "P_compute_intensive",
        "P_data_intensive",
        "P_general",
        "b_mb_med",
        "rho_med",
        "mem_med",
        "non_atomic_share",
        "hard_share"
      ],
      "agent_ids": [
        0,
        1,
        2,
        3,
        4,
        5,
        6,
        7,
        8,
        9,
        10,
        11,
        12,
        13,
        14,
        15,
        16,
        17
      ],
      "scaler": 