{
  "Delta": 1.0,
  "T_slots": 110,
  "K": 18,
  "topology_type": "fully_connected",
  "connection_matrix": [
    [
      0.0,
      11.922814324896128,
      10.47890810604166,
      11.627563812596994,
      9.725880914676331,
      9.913259779056446,
      8.604508076248553,
      9.501158369601054,
      10.91615141840564,
      11.813509736175954,
      8.985222301362478,
      10.801942487151042,
      9.734999961687516,
      9.194223648920593,
      8.127234141883783,
      10.69973563956734,
      8.60534514548803,
      11.552991634688569,
      92.53424508657348
    ],
    [
      11.922814324896128,
      0.0,
      11.080312425231067,
      10.34304630778637,
      11.490295070272856,
      10.651270179386929,
      8.338607336218416,
      8.888097860383825,
      11.867867754359532,
      9.258184947574456,
      11.6860272565806,
      10.739358827370133,
      8.7153321085345,
      10.604860838693083,
      11.708251245611873,
      8.60692948247588,
      11.47275338402656,
      10.8432042648213,
      102.7709265148709
    ],
    [
      10.47890810604166,
      11.080312425231067,
      0.0,
      10.646495050716489,
      11.53438987991073,
      8.091326029209196,
      8.869772810607909,
      11.275406724124156,
      9.440137531552866,
      10.619010019256097,
      10.630504047022658,
      8.624823741698524,
      11.936213878869838,
      8.576986965518529,
      11.364435949167657,
      8.973195354470493,
      9.85597679723129,
      10.599856650993992,
      90.21900010734372
    ],
    [
      11.627563812596994,
      10.34304630778637,
      10.646495050716489,
      0.0,
      11.20948852019169,
      11.421852884008178,
      8.192034453965269,
      10.175255970564594,
      11.956133966706862,
      11.565061789321962,
      9.13060444779266,
      9.291871755420672,
      8.151661356968956,
      8.230065062026544,
      8.849153732461545,
      8.303430233675734,
      11.2237641009058,
      10.82287993060977,
      116.69177742510234
    ],
    [
      9.725880914676331,
      11.490295070272856,
      11.53438987991073,
      11.20948852019169,
      0.0,
      11.579570355314145,
      11.223067389264504,
      9.138592606375648,
      8.004167143279037,
      8.113479027648928,
      10.761785836421478,
      11.79952273141645,
      8.36313817128041,
      8.944738548321068,
      11.01157504874567,
      11.20524850955459,
      9.66105489891353,
      11.479707166789634,
      113.53515991423735
    ],
    [
      9.913259779056446,
      10.651270179386929,
      8.091326029209196,
      11.421852884008178,
      11.579570355314145,
      0.0,
      10.19076132483816,
      11.149134566762498,
      8.014979037211406,
      10.226623749899767,
      11.888042896770614,
      8.835721619668613,
      9.627748879841144,
      10.17125276133559,
      8.686277541207637,
      8.58986200532408,
      11.020550357932564,
      8.201959356458914,
      103.124289600152
    ],
    [
      8.604508076248553,
      8.338607336218416,
      8.869772810607909,
      8.192034453965269,
      11.223067389264504,
      10.19076132483816,
      0.0,
      9.258233076125004,
      8.599493414295692,
      11.695516097028964,
      8.222866920065375,
      11.05960806763473,
      9.267730225748425,
      11.839774922474229,
      10.630313111028183,
      11.2177657638533,
      8.101317872847229,
      9.226552736678164,
      80.31803430957376
    ],
    [
      9.501158369601054,
      8.888097860383825,
      11.275406724124156,
      10.175255970564594,
      9.138592606375648,
      11.149134566762498,
      9.258233076125004,
      0.0,
      11.02345357100804,
      8.713147528592579,
      10.661987726767167,
      9.954494141324314,
      8.29711707589351,
      9.569688934920258,
      11.473140452963277,
      11.04922623514876,
      11.366449031644375,
      8.693558593853147,
      84.27804082043632
    ],
    [
      10.91615141840564,
      11.867867754359532,
      9.440137531552866,
      11.956133966706862,
      8.004167143279037,
      8.014979037211406,
      8.599493414295692,
      11.02345357100804,
      0.0,
      10.366493659467396,
      9.014595387914667,
      8.501969806911227,
      10.241991525019117,
      9.014135445459438,
      10.865174599258152,
      8.739453592145964,
      9.49328391561398,
      10.950638452019977,
      105.06297612673008
    ],
    [
      11.813509736175954,
      9.258184947574456,
      10.619010019256097,
      11.565061789321962,
      8.113479027648928,
      10.226623749899767,
      11.695516097028964,
      8.713147528592579,
      10.366493659467396,
      0.0,
      9.27746018401616,
      11.921080685421412,
      8.634134640833583,
      10.200543717315655,
      11.945187959334946,
      8.471827543439636,
      10.58547852331656,
      10.32572754125568,
      90.4565931684848
    ],
    [
      8.985222301362478,
      11.6860272565806,
      10.630504047022658,
      9.13060444779266,
      10.761785836421478,
      11.888042896770614,
      8.222866920065375,
      10.661987726767167,
      9.014595387914667,
      9.27746018401616,
      0.0,
      8.056665161839,
      11.04409073489174,
      10.99370358268106,
      11.648866935732666,
      11.837595451358084,
      11.46201002542234,
      10.554974945666608,
      90.49497857362356
    ],
    [
      10.801942487151042,
      10.739358827370133,
      8.624823741698524,
      9.291871755420672,
      11.79952273141645,
      8.835721619668613,
      11.05960806763473,
      9.954494141324314,
      8.501969806911227,
      11.921080685421412,
      8.056665161839,
      0.0,
      9.582385033462067,
      9.855988341581703,
      8.9985064281672,
      11.945215166236313,
      9.289694715738817,
      10.38872064474755,
      114.97360563865308
    ],
    [
      9.734999961687516,
      8.7153321085345,
      11.936213878869838,
      8.151661356968956,
      8.36313817128041,
      9.627748879841144,
      9.267730225748425,
      8.29711707589351,
      10.241991525019117,
      8.634134640833583,
      11.04409073489174,
      9.582385033462067,
      0.0,
      11.27384324789184,
      11.286656712485993,
      8.905229638585386,
      10.41042621420988,
      10.612557261674604,
      106.22071350896388
    ],
    [
      9.194223648920593,
      10.604860838693083,
      8.576986965518529,
      8.230065062026544,
      8.944738548321068,
      10.17125276133559,
      11.839774922474229,
      9.569688934920258,
      9.014135445459438,
      10.200543717315655,
      10.99370358268106,
      9.855988341581703,
      11.27384324789184,
      0.0,
      9.542117042064492,
      11.545868542437342,
      8.926331869946196,
      10.430883797559597,
      114.13282179526
    ],
    [
      8.127234141883783,
      11.708251245611873,
      11.364435949167657,
      8.849153732461545,
      11.01157504874567,
      8.686277541207637,
      10.630313111028183,
      11.473140452963277,
      10.865174599258152,
      11.945187959334946,
      11.648866935732666,
      8.9985064281672,
      11.286656712485993,
      9.542117042064492,
      0.0,
      9.422802331455708,
      11.658086958325118,
      10.249333293743618,
      100.32308979351528
    ],
    [
      10.69973563956734,
      8.60692948247588,
      8.973195354470493,
      8.303430233675734,
      11.20524850955459,
      8.58986200532408,
      11.2177657638533,
      11.04922623514876,
      8.739453592145964,
      8.471827543439636,
      11.837595451358084,
      11.945215166236313,
      8.905229638585386,
      11.545868542437342,
      9.422802331455708,
      0.0,
      11.448549025066258,
      8.679629242855238,
      101.35876193422747
    ],
    [
      8.60534514548803,
      11.47275338402656,
      9.85597679723129,
      11.2237641009058,
      9.66105489891353,
      11.020550357932564,
      8.101317872847229,
      11.366449031644375,
      9.49328391561398,
      10.58547852331656,
      11.46201002542234,
      9.289694715738817,
      10.41042621420988,
      8.926331869946196,
      11.658086958325118,
      11.448549025066258,
      0.0,
      10.513615864036227,
      96.80376158883293
    ],
    [
      11.552991634688569,
      10.8432042648213,
      10.599856650993992,
      10.82287993060977,
      11.479707166789634,
      8.201959356458914,
      9.226552736678164,
      8.693558593853147,
      10.950638452019977,
      10.32572754125568,
      10.554974945666608,
      10.38872064474755,
      10.612557261674604,
      10.430883797559597,
      10.249333293743618,
      8.679629242855238,
      10.513615864036227,
      0.0,
      91.90437345077312
    ]
  ],
  "private_cpu": [
    1524240300.242634,
    1366129994.029415,
    1329857132.3449059,
    1759037495.139038,
    1785215293.8430395,
    1585657300.5314531,
    1368555071.0361152,
    1560363955.1927295,
    1231463790.6473143,
    1280745218.4969962,
    1540774620.4487214,
    1702751861.4761775,
    1429382039.6963181,
    1770642244.2731063,
    1549001398.4111724,
    1345001696.070371,
    1289349748.4839327,
    1341118879.0492463
  ],
  "public_cpu": [
    541968088.2521814,
    771454133.7698109,
    841493011.7957177,
    807566256.5150766,
    821473666.7652743,
    711004312.0253025,
    749406606.2957168,
    529752691.2519148,
    666159078.8322253,
    518725392.808344,
    865619117.3492599,
    779462658.4059639,
    591542662.7301893,
    811924366.9048193,
    742569241.9862468,
    835342189.3574101,
    718293796.0428741,
    595744952.2473462
  ],
  "cloud_cpu": 30000000000.0,
  "N_agents": 18,
  "agent_to_mec": [
    0,
    1,
    2,
    3,
    4,
    5,
    6,
    7,
    8,
    9,
    10,
    11,
    12,
    13,
    14,
    15,
    16,
    17
  ],
  "queues_initial": {
    "mec_local_cycles": [
      0.0,
      0.0,
      0.0,
      0.0,
      0.0,
      0.0,
      0.0,
      0.0,
      0.0,
      0.0,
      0.0,
      0.0,
      0.0,
      0.0,
      0.0,
      0.0,
      0.0,
      0.0
    ],
    "mec_public_cycles": [
      0.0,
      0.0,
      0.0,
      0.0,
      0.0,
      0.0,
      0.0,
      0.0,
      0.0,
      0.0,
      0.0,
      0.0,
      0.0,
      0.0,
      0.0,
      0.0,
      0.0,
      0.0
    ],
    "mec_bytes_in_transit": [
      0.0,
      0.0,
      0.0,
      0.0,
      0.0,
      0.0,
      0.0,
      0.0,
      0.0,
      0.0,
      0.0,
      0.0,
      0.0,
      0.0,
      0.0,
      0.0,
      0.0,
      0.0
    ],
    "cloud_cycles": [
      0.0
    ]
  },
  "action_space": {
    "type": "discrete",
    "n": 3,
    "labels": {
      "0": "LOCAL",
      "1": "MEC",
      "2": "CLOUD"
    }
  },
  "state_spec": {
    "components": {
      "queues": {
        "mec_local_cycles": {
          "shape": [
            18
          ],
          "dtype": "float"
        },
        "mec_public_cycles": {
          "shape": [
            18
          ],
          "dtype": "float"
        },
        "mec_bytes_in_transit": {
          "shape": [
            18
          ],
          "dtype": "float"
        },
        "cloud_cycles": {
          "shape": [
            1
          ],
          "dtype": "float"
        }
      },
      "links": {
        "connection_matrix": {
          "shape": [
            18,
            19
          ],
          "dtype": "float"
        }
      },
      "capacities": {
        "private_cpu": {
          "shape": [
            18
          ],
          "dtype": "float"
        },
        "public_cpu": {
          "shape": [
            18
          ],
          "dtype": "float"
        },
        "cloud_cpu": {
          "shape": [
            1
          ],
          "dtype": "float"
        }
      }
    },
    "note": "Declarative state description; environment assembles numerical tensors at runtime."
  },
  "checks": {
    "delta_match": true,
    "message": "OK"
  }
}